    0.0000         0.0000
    2.0000         0.0628
    4.0000         0.1253
    6.0000         0.1874
    8.0000         0.2487
   10.0000         0.3090
   12.0000         0.3681
   14.0000         0.4258
   16.0000         0.4818
   18.0000         0.5358
   20.0000         0.5878
   22.0000         0.6374
   24.0000         0.6845
   26.0000         0.7290
   28.0000         0.7705
   30.0000         0.8090
   32.0000         0.8443
   34.0000         0.8763
   36.0000         0.9048
   38.0000         0.9298
   40.0000         0.9511
   42.0000         0.9686
   44.0000         0.9823
   46.0000         0.9921
   48.0000         0.9980
   50.0000         1.0000
   52.0000         0.9980
   54.0000         0.9921
   56.0000         0.9823
   58.0000         0.9686
   60.0000         0.9511
   62.0000         0.9298
   64.0000         0.9048
   66.0000         0.8763
   68.0000         0.8443
   70.0000         0.8090
   72.0000         0.7705
   74.0000         0.7290
   76.0000         0.6845
   78.0000         0.6374
   80.0000         0.5878
   82.0000         0.5358
   84.0000         0.4818
   86.0000         0.4258
   88.0000         0.3681
   90.0000         0.3090
   92.0000         0.2487
   94.0000         0.1874
   96.0000         0.1253
   98.0000         0.0628
  100.0000        -0.0000
  102.0000        -0.0628
  104.0000        -0.1253
  106.0000        -0.1874
  108.0000        -0.2487
  110.0000        -0.3090
  112.0000        -0.3681
  114.0000        -0.4258
  116.0000        -0.4818
  118.0000        -0.5358
  120.0000        -0.5878
  122.0000        -0.6374
  124.0000        -0.6845
  126.0000        -0.7290
  128.0000        -0.7705
  130.0000        -0.8090
  132.0000        -0.8443
  134.0000        -0.8763
  136.0000        -0.9048
  138.0000        -0.9298
  140.0000        -0.9511
  142.0000        -0.9686
  144.0000        -0.9823
  146.0000        -0.9921
  148.0000        -0.9980
  150.0000        -1.0000
  152.0000        -0.9980
  154.0000        -0.9921
  156.0000        -0.9823
  158.0000        -0.9686
  160.0000        -0.9511
  162.0000        -0.9298
  164.0000        -0.9048
  166.0000        -0.8763
  168.0000        -0.8443
  170.0000        -0.8090
  172.0000        -0.7705
  174.0000        -0.7290
  176.0000        -0.6845
  178.0000        -0.6374
  180.0000        -0.5878
  182.0000        -0.5358
  184.0000        -0.4818
  186.0000        -0.4258
  188.0000        -0.3681
  190.0000        -0.3090
  192.0000        -0.2487
  194.0000        -0.1874
  196.0000        -0.1253
  198.0000        -0.0628
  200.0000         0.0000
